
----------------------------------------
Circuit Details:
----------------------------------------
No. of Primary Inputs: 32
No. of Primary Outputs: 32
No. of Gates: 2422
No. of Nodes: 4876
Execution Time: 15459000 ns
Primary Inputs: N256 N239 N222 N205 N188 N171 N154 N137 N120 N103 N86 N69 N52 N35 N18 N528 N511 N494 N477 N460 N443 N426 N409 N392 N375 N358 N341 N324 N307 N290 N273 N1
Outputs: N6260 N6250 N6240 N6200 N6170 N6150 N6123 N6270 N6230 N6160 N6180 N5308 N6280 N6220 N4591 N3211 N2877 N6210 N5672 N2548 N4241 N2223 N6190 N3895 N1901 N6288 N4946 N1581 N6287 N5971 N3552 N545


----------------------------------------
Signal	CC0	CC1	CO
----------------------------------------
N256	1	1	32
N239	1	1	36
N222	1	1	118
N205	1	1	246
N188	1	1	414
N171	1	1	594
N154	1	1	595
N137	1	1	481
N120	1	1	379
N103	1	1	289
N86	1	1	211
N69	1	1	145
N52	1	1	91
N35	1	1	49
N18	1	1	19
N528	1	1	32
N511	1	1	40
N494	1	1	48
N477	1	1	56
N460	1	1	64
N443	1	1	72
N426	1	1	73
N409	1	1	67
N392	1	1	61
N375	1	1	55
N358	1	1	49
N341	1	1	43
N324	1	1	37
N307	1	1	28
N290	1	1	18
N273	1	1	2
N1	1	1	2
N636	2	3	500
N684	2	3	695
N732	2	3	715
N780	2	3	715
N828	2	3	718
N876	2	3	715
N924	2	3	715
N972	2	3	715
N1020	2	3	709
N1068	2	3	592
N1116	2	3	412
N1164	2	3	244
N1212	2	3	116
N1260	2	3	34
N1308	2	3	30
N633	2	3	287
N681	2	3	680
N729	2	3	720
N777	2	3	726
N825	2	3	720
N873	2	3	720
N921	2	3	720
N969	2	3	720
N1017	2	3	711
N1065	2	3	606
N1113	2	3	426
N1161	2	3	258
N1209	2	3	130
N1257	2	3	42
N1305	2	3	38
N630	2	3	269
N678	2	3	455
N726	2	3	722
N774	2	3	728
N822	2	3	722
N870	2	3	722
N918	2	3	722
N966	2	3	722
N1014	2	3	713
N1062	2	3	614
N1110	2	3	440
N1158	2	3	272
N1206	2	3	144
N1254	2	3	50
N1302	2	3	46
N627	2	3	251
N675	2	3	425
N723	2	3	611
N771	2	3	730
N819	2	3	724
N867	2	3	724
N915	2	3	724
N963	2	3	724
N1011	2	3	715
N1059	2	3	616
N1107	2	3	454
N1155	2	3	286
N1203	2	3	158
N1251	2	3	58
N1299	2	3	54
N624	2	3	233
N672	2	3	395
N720	2	3	569
N768	2	3	732
N816	2	3	726
N864	2	3	726
N912	2	3	726
N960	2	3	726
N1008	2	3	717
N1056	2	3	618
N1104	2	3	468
N1152	2	3	300
N1200	2	3	172
N1248	2	3	66
N1296	2	3	62
N621	2	3	215
N669	2	3	365
N717	2	3	527
N765	2	3	701
N813	2	3	728
N861	2	3	728
N909	2	3	728
N957	2	3	728
N1005	2	3	719
N1053	2	3	620
N1101	2	3	480
N1149	2	3	314
N1197	2	3	186
N1245	2	3	74
N1293	2	3	70
N618	2	3	197
N666	2	3	335
N714	2	3	485
N762	2	3	647
N810	2	3	730
N858	2	3	730
N906	2	3	730
N954	2	3	730
N1002	2	3	721
N1050	2	3	622
N1098	2	3	482
N1146	2	3	328
N1194	2	3	200
N1242	2	3	82
N1290	2	3	78
N615	2	3	179
N663	2	3	305
N711	2	3	443
N759	2	3	593
N807	2	3	732
N855	2	3	732
N903	2	3	732
N951	2	3	732
N999	2	3	723
N1047	2	3	624
N1095	2	3	484
N1143	2	3	342
N1191	2	3	214
N1239	2	3	90
N1287	2	3	86
N612	2	3	161
N660	2	3	275
N708	2	3	401
N756	2	3	539
N804	2	3	689
N852	2	3	734
N900	2	3	734
N948	2	3	734
N996	2	3	725
N1044	2	3	626
N1092	2	3	486
N1140	2	3	356
N1188	2	3	228
N1236	2	3	98
N1284	2	3	94
N609	2	3	143
N657	2	3	245
N705	2	3	359
N753	2	3	485
N801	2	3	623
N849	2	3	736
N897	2	3	736
N945	2	3	736
N993	2	3	727
N1041	2	3	628
N1089	2	3	488
N1137	2	3	360
N1185	2	3	242
N1233	2	3	106
N1281	2	3	102
N606	2	3	125
N654	2	3	215
N702	2	3	317
N750	2	3	431
N798	2	3	557
N846	2	3	695
N894	2	3	738
N942	2	3	738
N990	2	3	729
N1038	2	3	630
N1086	2	3	490
N1134	2	3	362
N1182	2	3	256
N1230	2	3	114
N1278	2	3	110
N603	2	3	107
N651	2	3	185
N699	2	3	275
N747	2	3	377
N795	2	3	491
N843	2	3	617
N891	2	3	740
N939	2	3	740
N987	2	3	731
N1035	2	3	632
N1083	2	3	492
N1131	2	3	364
N1179	2	3	270
N1227	2	3	122
N1275	2	3	118
N600	2	3	89
N648	2	3	155
N696	2	3	233
N744	2	3	323
N792	2	3	425
N840	2	3	539
N888	2	3	665
N936	2	3	742
N984	2	3	733
N1032	2	3	634
N1080	2	3	494
N1128	2	3	366
N1176	2	3	278
N1224	2	3	130
N1272	2	3	126
N597	2	3	68
N645	2	3	122
N693	2	3	188
N741	2	3	266
N789	2	3	356
N837	2	3	458
N885	2	3	572
N933	2	3	698
N981	2	3	732
N1029	2	3	633
N1077	2	3	493
N1125	2	3	365
N1173	2	3	277
N1221	2	3	138
N1269	2	3	131
N594	2	3	46
N642	2	3	88
N690	2	3	142
N738	2	3	208
N786	2	3	286
N834	2	3	376
N882	2	3	478
N930	2	3	592
N978	2	3	718
N1026	2	3	631
N1074	2	3	491
N1122	2	3	363
N1170	2	3	275
N1218	2	3	143
N1266	2	3	135
N591	2	3	17
N639	2	3	47
N687	2	3	89
N735	2	3	143
N783	2	3	209
N831	2	3	287
N879	2	3	377
N927	2	3	479
N975	2	3	593
N1023	2	3	719
N1071	2	3	626
N1119	2	3	486
N1167	2	3	358
N1215	2	3	270
N1263	2	3	138
N545	2	3	0
N546	2	3	16
N549	2	3	26
N552	2	3	35
N555	2	3	41
N558	2	3	47
N561	2	3	53
N564	2	3	59
N567	2	3	65
N570	2	3	71
N573	2	3	77
N576	2	3	83
N579	2	3	89
N582	2	3	95
N585	2	3	101
N588	2	3	107
N1311	3	4	16
N1315	3	4	46
N1319	3	4	88
N1323	3	4	142
N1327	3	4	208
N1331	3	4	286
N1335	3	4	376
N1339	3	4	478
N1343	3	4	592
N1347	3	4	718
N1351	3	4	625
N1355	3	4	485
N1359	3	4	357
N1363	3	4	269
N1367	3	4	137
N1371	4	6	15
N1372	4	5	15
N1373	4	6	45
N1374	4	5	45
N1375	4	6	87
N1376	4	5	87
N1377	4	6	141
N1378	4	5	141
N1379	4	6	207
N1380	4	5	207
N1381	4	6	285
N1382	4	5	285
N1383	4	6	375
N1384	4	5	375
N1385	4	6	477
N1386	4	5	477
N1387	4	6	591
N1388	4	5	591
N1389	4	6	717
N1390	4	5	717
N1391	4	6	632
N1392	4	5	632
N1393	4	6	492
N1394	4	5	492
N1395	4	6	364
N1396	4	5	364
N1397	4	6	276
N1398	4	5	276
N1399	4	6	144
N1400	4	5	144
N1401	6	9	10
N1404	6	9	40
N1407	6	9	82
N1410	6	9	136
N1413	6	9	202
N1416	6	9	280
N1419	6	9	370
N1422	6	9	472
N1425	6	9	586
N1428	6	9	712
N1431	6	9	627
N1434	6	9	487
N1437	6	9	359
N1440	6	9	271
N1443	6	9	139
N1446	4	9	12
N1450	4	9	42
N1454	4	9	84
N1458	4	9	138
N1462	4	9	204
N1466	4	9	282
N1470	4	9	372
N1474	4	9	474
N1478	4	9	588
N1482	4	9	714
N1486	4	9	624
N1490	4	9	484
N1494	4	9	356
N1498	4	9	268
N1502	4	9	136
N1506	10	11	5
N1507	4	7	11
N1508	5	8	36
N1511	10	11	35
N1512	4	7	41
N1513	5	8	78
N1516	10	11	77
N1517	4	7	83
N1518	5	8	132
N1521	10	11	131
N1522	4	7	137
N1523	5	8	198
N1526	10	11	197
N1527	4	7	203
N1528	5	8	276
N1531	10	11	275
N1532	4	7	281
N1533	5	8	366
N1536	10	11	365
N1537	4	7	371
N1538	5	8	468
N1541	10	11	467
N1542	4	7	473
N1543	5	8	582
N1546	10	11	581
N1547	4	7	587
N1548	5	8	708
N1551	10	11	707
N1552	4	7	713
N1553	5	8	719
N1556	10	11	721
N1557	4	7	727
N1558	5	8	620
N1561	10	11	622
N1562	4	7	628
N1563	5	8	480
N1566	10	11	482
N1567	4	7	488
N1568	5	8	352
N1571	10	11	354
N1572	4	7	360
N1573	5	8	264
N1576	10	11	266
N1577	4	7	272
N1578	5	8	132
N1581	8	15	0
N1582	8	15	30
N1585	8	15	72
N1588	8	15	126
N1591	8	15	192
N1594	8	15	270
N1597	8	15	360
N1600	8	15	462
N1603	8	15	576
N1606	8	15	702
N1609	8	15	716
N1612	8	15	617
N1615	8	15	477
N1618	8	15	349
N1621	8	15	261
N1624	4	8	129
N1628	9	14	29
N1632	9	14	71
N1636	9	14	125
N1640	9	14	191
N1644	9	14	269
N1648	9	14	359
N1652	9	14	461
N1656	9	14	575
N1660	9	14	701
N1664	9	14	710
N1668	9	14	611
N1672	9	14	471
N1676	9	14	343
N1680	9	14	255
N1684	4	7	142
N1685	9	10	137
N1686	15	18	20
N1687	9	15	26
N1688	15	18	62
N1689	9	15	68
N1690	15	18	116
N1691	9	15	122
N1692	15	18	182
N1693	9	15	188
N1694	15	18	260
N1695	9	15	266
N1696	15	18	350
N1697	9	15	356
N1698	15	18	452
N1699	9	15	458
N1700	15	18	566
N1701	9	15	572
N1702	15	18	692
N1703	9	15	698
N1704	15	18	728
N1705	9	15	734
N1706	15	18	629
N1707	9	15	635
N1708	15	18	489
N1709	9	15	495
N1710	15	18	361
N1711	9	15	367
N1712	15	18	273
N1713	9	15	279
N1714	8	14	132
N1717	16	25	10
N1720	16	25	52
N1723	16	25	106
N1726	16	25	172
N1729	16	25	250
N1732	16	25	340
N1735	16	25	442
N1738	16	25	556
N1741	16	25	682
N1744	16	25	718
N1747	16	25	619
N1750	16	25	479
N1753	16	25	351
N1756	16	25	263
N1759	4	11	129
N1763	4	19	22
N1767	4	19	64
N1771	4	19	118
N1775	4	19	184
N1779	4	19	262
N1783	4	19	352
N1787	4	19	454
N1791	4	19	568
N1795	4	19	694
N1799	4	19	715
N1803	4	19	616
N1807	4	19	476
N1811	4	19	348
N1815	4	19	260
N1819	12	13	262
N1820	4	7	270
N1821	9	9	124
N1824	20	21	5
N1825	4	7	21
N1826	15	14	44
N1829	20	21	47
N1830	4	7	63
N1831	15	14	98
N1834	20	21	101
N1835	4	7	117
N1836	15	14	164
N1839	20	21	167
N1840	4	7	183
N1841	15	14	242
N1844	20	21	245
N1845	4	7	261
N1846	15	14	332
N1849	20	21	335
N1850	4	7	351
N1851	15	14	434
N1854	20	21	437
N1855	4	7	453
N1856	15	14	548
N1859	20	21	551
N1860	4	7	567
N1861	15	14	674
N1864	20	21	677
N1865	4	7	693
N1866	15	14	714
N1869	20	21	726
N1870	4	7	742
N1871	15	14	705
N1874	20	21	717
N1875	4	7	733
N1876	15	14	606
N1879	20	21	618
N1880	4	7	634
N1881	15	14	466
N1884	20	21	478
N1885	4	7	494
N1886	15	14	338
N1889	20	21	350
N1890	4	7	366
N1891	15	14	250
N1894	8	17	257
N1897	4	12	121
N1901	8	25	0
N1902	8	25	42
N1905	8	25	96
N1908	8	25	162
N1911	8	25	240
N1914	8	25	330
N1917	8	25	432
N1920	8	25	546
N1923	8	25	672
N1926	8	25	721
N1929	8	25	712
troj40_0n2	47	11	871
N1932	8	25	613
N1935	8	25	473
N1938	8	25	345
N1941	15	24	241
N1945	4	7	135
N1946	10	14	129
N1947	15	24	35
N1951	15	24	89
N1955	15	24	155
N1959	15	24	233
N1963	15	24	323
N1967	15	24	425
N1971	15	24	539
N1975	15	24	665
N1979	15	24	705
N1983	15	24	696
N1987	15	24	597
N1991	15	24	457
N1995	15	24	329
N1999	18	24	271
N2000	15	31	274
N2001	8	15	124
N2004	25	24	26
N2005	15	31	36
N2006	25	24	80
N2007	15	31	90
N2008	25	24	146
N2009	15	31	156
N2010	25	24	224
N2011	15	31	234
N2012	25	24	314
N2013	15	31	324
N2014	25	24	416
N2015	15	31	426
N2016	25	24	530
N2017	15	31	540
N2018	25	24	656
N2019	15	31	666
N2020	25	24	735
N2021	15	31	745
N2022	25	24	726
N2023	15	31	736
N2024	25	24	627
N2025	15	31	637
N2026	25	24	487
N2027	15	31	497
N2028	25	24	359
N2029	15	31	369
N2030	25	34	255
N2033	4	11	121
N2037	25	41	10
N2040	25	41	64
N2043	25	41	130
N2046	25	41	208
N2049	25	41	298
N2052	25	41	400
N2055	25	41	514
N2058	25	41	640
N2061	25	41	719
N2064	25	41	710
N2067	25	41	611
N2070	25	41	471
N2073	25	41	343
N2076	4	28	252
N2080	12	13	258
N2081	4	7	266
N2082	12	9	116
N2085	4	28	31
N2089	4	28	85
N2093	4	28	151
N2097	4	28	229
N2101	4	28	319
N2105	4	28	421
N2109	4	28	535
N2113	4	28	661
N2117	4	28	716
N2121	4	28	707
N2125	4	28	608
N2129	4	28	468
N2133	4	28	340
N2137	29	30	346
N2138	4	7	371
N2139	25	20	236
N2142	8	17	253
N2145	4	15	113
N2149	29	30	5
N2150	4	7	30
N2151	25	20	50
N2154	29	30	59
N2155	4	7	84
N2156	25	20	116
N2159	29	30	125
N2160	4	7	150
N2161	25	20	194
N2164	29	30	203
N2165	4	7	228
N2166	25	20	284
N2169	29	30	293
N2170	4	7	318
N2171	25	20	386
N2174	29	30	395
N2175	4	7	420
N2176	25	20	500
N2179	29	30	509
N2180	4	7	534
N2181	25	20	626
N2184	29	30	635
N2185	4	7	660
N2186	25	20	700
N2189	29	30	722
N2190	4	7	747
N2191	25	20	700
N2194	29	30	722
N2195	4	7	747
N2196	25	20	691
N2199	29	30	713
N2200	4	7	738
N2201	25	20	592
N2204	29	30	614
N2205	4	7	639
N2206	25	20	452
N2209	29	30	474
N2210	4	7	499
N2211	25	20	324
N2214	8	34	341
N2217	18	34	227
N2221	4	7	127
N2222	10	17	121
N2223	8	34	0
N2224	8	34	54
N2227	8	34	120
N2230	8	34	198
N2233	8	34	288
N2236	8	34	390
N2239	8	34	504
N2242	8	34	630
N2245	8	34	717
N2248	8	34	717
N2251	8	34	708
N2254	8	34	609
N2257	8	34	469
N2260	21	34	315
N2264	18	27	266
N2265	21	44	263
N2266	8	15	116
N2269	21	34	41
N2273	21	34	107
N2277	21	34	185
N2281	21	34	275
N2285	21	34	377
N2289	21	34	491
N2293	21	34	617
N2297	21	34	691
N2301	21	34	691
N2305	21	34	682
N2309	21	34	583
N2313	21	34	443
N2317	35	30	357
N2318	21	47	371
N2319	28	40	244
N2322	4	11	113
N2326	35	30	32
N2327	21	47	46
N2328	35	30	98
N2329	21	47	112
N2330	35	30	176
N2331	21	47	190
N2332	35	30	266
N2333	21	47	280
N2334	35	30	368
N2335	21	47	382
N2336	35	30	482
N2337	21	47	496
N2338	35	30	608
N2339	21	47	622
N2340	35	30	733
N2341	21	47	747
N2342	35	30	733
N2343	21	47	747
N2344	35	30	724
N2345	21	47	738
N2346	35	30	625
N2347	21	47	639
N2348	35	30	485
N2349	21	47	499
N2350	31	57	335
N2353	4	31	241
N2357	12	13	251
N2358	4	7	259
N2359	12	9	108
N2362	31	57	10
N2365	31	57	76
N2368	31	57	154
N2371	31	57	244
N2374	31	57	346
N2377	31	57	460
N2380	31	57	586
N2383	31	57	711
N2386	31	57	711
N2389	31	57	702
N2392	31	57	603
N2395	31	57	463
N2398	4	34	332
N2402	32	33	342
N2403	4	7	370
N2404	32	23	222
N2407	8	17	246
N2410	4	15	105
N2414	4	34	37
N2418	4	34	103
N2422	4	34	181
N2426	4	34	271
N2430	4	34	373
N2434	4	34	487
N2438	4	34	613
N2442	4	34	708
N2446	4	34	708
N2450	4	34	699
N2454	4	34	600
N2458	4	34	460
N2462	35	36	470
N2463	4	7	501
N2464	35	26	310
N2467	8	37	337
N2470	18	41	213
N2474	4	7	119
N2475	10	17	113
N2476	35	36	5
N2477	4	7	36
N2478	35	26	56
N2481	35	36	71
N2482	4	7	102
N2483	35	26	134
N2486	35	36	149
N2487	4	7	180
N2488	35	26	224
N2491	35	36	239
N2492	4	7	270
N2493	35	26	326
N2496	35	36	341
N2497	4	7	372
N2498	35	26	440
N2501	35	36	455
N2502	4	7	486
N2503	35	26	566
N2506	35	36	581
N2507	4	7	612
N2508	35	26	686
N2511	35	36	718
N2512	4	7	749
N2513	35	26	686
N2516	35	36	718
N2517	4	7	749
N2518	35	26	686
N2521	35	36	718
N2522	4	7	749
N2523	35	26	677
N2526	35	36	709
N2527	4	7	740
N2528	35	26	578
N2531	35	36	610
N2532	4	7	641
N2533	35	26	438
N2536	8	40	465
N2539	27	44	301
N2543	18	27	255
N2544	24	51	249
N2545	8	15	108
N2548	8	40	0
N2549	8	40	66
N2552	8	40	144
N2555	8	40	234
N2558	8	40	336
N2561	8	40	450
N2564	8	40	576
N2567	8	40	713
N2570	8	40	713
N2573	8	40	713
N2576	8	40	704
N2579	8	40	605
N2582	27	44	429
N2586	38	36	355
N2587	27	63	366
N2588	28	43	230
N2591	4	11	105
N2595	27	44	47
N2599	27	44	125
N2603	27	44	215
N2607	27	44	317
N2611	27	44	431
N2615	27	44	557
N2619	27	44	677
N2623	27	44	677
N2627	27	44	677
N2631	27	44	668
N2635	27	44	569
N2639	41	36	483
N2640	27	63	497
N2641	37	66	327
N2644	4	31	227
N2648	12	13	237
N2649	4	7	245
N2650	12	9	100
N2653	41	36	38
N2654	27	63	52
N2655	41	36	116
N2656	27	63	130
N2657	41	36	206
N2658	27	63	220
N2659	41	36	308
N2660	27	63	322
N2661	41	36	422
N2662	27	63	436
N2663	41	36	548
N2664	27	63	562
N2665	41	36	686
N2666	27	63	700
N2667	41	36	731
N2668	27	63	745
N2669	41	36	731
N2670	27	63	745
N2671	41	36	722
N2672	27	63	736
N2673	41	36	623
N2674	27	63	637
N2675	37	69	455
N2678	4	40	324
N2682	32	33	334
N2683	4	7	362
N2684	32	23	208
N2687	8	17	232
N2690	4	15	97
N2694	37	69	10
N2697	37	69	88
N2700	37	69	178
N2703	37	69	280
N2706	37	69	394
N2709	37	69	520
N2712	37	69	658
N2715	37	69	703
N2718	37	69	703
N2721	37	69	694
N2724	37	69	595
N2727	4	40	452
N2731	41	42	462
N2732	4	7	499
N2733	41	32	296
N2736	8	37	329
N2739	18	41	199
N2743	4	7	111
N2744	10	17	105
N2745	4	40	43
N2749	4	40	121
N2753	4	40	211
N2757	4	40	313
N2761	4	40	427
N2765	4	40	553
N2769	4	40	691
N2773	4	40	700
N2777	4	40	700
N2781	4	40	691
N2785	4	40	592
N2789	41	42	602
N2790	4	7	639
N2791	41	32	424
N2794	8	46	457
N2797	33	50	287
N2801	18	27	241
N2802	24	51	235
N2803	8	15	100
N2806	41	42	5
N2807	4	7	42
N2808	41	32	62
N2811	41	42	83
N2812	4	7	120
N2813	41	32	152
N2816	41	42	173
N2817	4	7	210
N2818	41	32	254
N2821	41	42	275
N2822	4	7	312
N2823	41	32	368
N2826	41	42	389
N2827	4	7	426
N2828	41	32	494
N2831	41	42	515
N2832	4	7	552
N2833	41	32	632
N2836	41	42	653
N2837	4	7	690
N2838	41	32	672
N2841	41	42	710
N2842	4	7	747
N2843	41	32	672
N2846	41	42	710
N2847	4	7	747
N2848	41	32	672
N2851	41	42	710
N2852	4	7	747
N2853	41	32	663
N2856	41	42	701
N2857	4	7	738
N2858	41	32	564
N2861	8	46	597
N2864	33	50	415
N2868	38	42	353
N2869	33	75	358
N2870	28	43	216
N2873	4	11	97
N2877	8	46	0
N2878	8	46	78
N2881	8	46	168
N2884	8	46	270
N2887	8	46	384
N2890	8	46	510
N2893	8	46	648
N2896	8	46	705
N2899	8	46	705
N2902	8	46	705
N2905	8	46	696
N2908	33	50	555
N2912	47	42	481
N2913	33	75	495
N2914	43	72	319
N2917	4	31	213
N2921	12	13	223
N2922	4	7	231
N2923	12	9	92
N2926	33	50	53
N2930	33	50	143
N2934	33	50	245
N2938	33	50	359
N2942	33	50	485
N2946	33	50	623
N2950	33	50	663
N2954	33	50	663
N2958	33	50	663
N2962	33	50	654
N2966	47	42	621
N2967	33	75	635
N2968	43	81	447
N2971	4	46	316
N2975	32	33	326
N2976	4	7	354
N2977	32	23	194
N2980	8	17	218
N2983	4	15	89
N2987	47	42	44
N2988	33	75	58
N2989	47	42	134
N2990	33	75	148
N2991	47	42	236
N2992	33	75	250
N2993	47	42	350
N2994	33	75	364
N2995	47	42	476
N2996	33	75	490
N2997	47	42	614
N2998	33	75	628
N2999	47	42	729
N3000	33	75	743
N3001	47	42	729
N3002	33	75	743
N3003	47	42	729
N3004	33	75	743
N3005	47	42	720
N3006	33	75	734
N3007	43	81	587
N3010	4	46	444
N3014	47	48	454
N3015	4	7	497
N3016	47	38	282
N3019	8	37	321
N3022	18	41	185
N3026	4	7	103
N3027	10	17	97
N3028	43	81	10
N3031	43	81	100
N3034	43	81	202
N3037	43	81	316
N3040	43	81	442
N3043	43	81	580
N3046	43	81	695
N3049	43	81	695
N3052	43	81	695
N3055	43	81	686
N3058	4	46	584
N3062	47	48	594
N3063	4	7	637
N3064	47	38	410
N3067	8	52	449
N3070	38	56	273
N3074	18	27	227
N3075	24	51	221
N3076	8	15	92
N3079	4	46	49
N3083	4	46	139
N3087	4	46	241
N3091	4	46	355
N3095	4	46	481
N3099	4	46	619
N3103	4	46	692
N3107	4	46	692
N3111	4	46	692
N3115	4	46	683
N3119	47	48	693
N3120	4	7	736
N3121	47	38	550
N3124	8	52	589
N3127	39	56	401
N3131	38	47	350
N3132	39	86	349
N3133	28	43	202
N3136	4	11	89
N3140	47	48	5
N3141	4	7	48
N3142	47	38	68
N3145	47	48	95
N3146	4	7	138
N3147	47	38	170
N3150	47	48	197
N3151	4	7	240
N3152	47	38	284
N3155	47	48	311
N3156	4	7	354
N3157	47	38	410
N3160	47	48	437
N3161	4	7	480
N3162	47	38	548
N3165	47	48	575
N3166	4	7	618
N3167	47	38	658
N3170	47	48	702
N3171	4	7	745
N3172	47	38	658
N3175	47	48	702
N3176	4	7	745
N3177	47	38	658
N3180	47	48	702
N3181	4	7	745
N3182	47	38	658
N3185	47	48	702
N3186	4	7	745
N3187	47	38	649
N3190	8	52	688
N3193	39	56	541
N3197	53	48	479
N3198	39	87	493
N3199	48	78	310
N3202	4	31	199
N3206	12	13	209
N3207	4	7	217
N3208	12	9	84
N3211	8	52	0
N3212	8	52	90
N3215	8	52	192
N3218	8	52	306
N3221	8	52	432
N3224	8	52	570
N3227	8	52	697
N3230	8	52	697
N3233	8	52	697
N3236	8	52	697
N3239	39	56	640
N3243	53	48	619
N3244	39	87	633
N3245	49	93	439
N3248	4	51	307
N3252	32	33	317
N3253	4	7	345
N3254	32	23	180
N3257	8	17	204
N3260	4	15	81
N3264	39	56	59
N3268	39	56	161
N3272	39	56	275
N3276	39	56	401
N3280	39	56	539
N3284	39	56	649
N3288	39	56	649
N3292	39	56	649
N3296	39	56	649
N3300	53	48	718
N3301	39	87	732
N3302	49	93	579
N3305	4	52	436
N3309	52	53	446
N3310	4	7	494
N3311	52	43	268
N3314	8	37	312
N3317	18	41	171
N3321	4	7	95
N3322	10	17	89
N3323	53	48	50
N3324	39	87	64
N3325	53	48	152
N3326	39	87	166
N3327	53	48	266
N3328	39	87	280
N3329	53	48	392
N3330	39	87	406
N3331	53	48	530
N3332	39	87	544
N3333	53	48	680
N3334	39	87	694
N3335	53	48	727
N3336	39	87	741
N3337	53	48	727
N3338	39	87	741
N3339	53	48	727
N3340	39	87	741
N3341	49	93	678
N3344	4	52	576
N3348	53	54	586
N3349	4	7	635
N3350	53	44	396
N3353	8	57	441
N3356	38	61	259
N3360	18	27	213
N3361	24	51	207
N3362	8	15	84
N3365	49	93	10
N3368	49	93	112
N3371	49	93	226
N3374	49	93	352
N3377	49	93	490
N3380	49	93	640
N3383	49	93	687
N3386	49	93	687
N3389	49	93	687
N3392	4	52	675
N3396	53	54	685
N3397	4	7	734
N3398	53	44	536
N3401	8	58	581
N3404	45	62	387
N3408	38	47	341
N3409	44	91	335
N3410	28	43	188
N3413	4	11	81
N3417	4	52	55
N3421	4	52	157
N3425	4	52	271
N3429	4	52	397
N3433	4	52	535
N3437	4	52	684
N3441	4	52	684
N3445	4	52	684
N3449	4	52	684
N3453	53	54	694
N3454	4	7	743
N3455	53	44	635
N3458	8	58	680
N3461	45	62	527
N3465	58	54	477
N3466	45	99	490
N3467	48	83	296
N3470	4	31	185
N3474	12	13	195
N3475	4	7	203
N3476	12	9	76
N3479	53	54	5
N3480	4	7	54
N3481	53	44	74
N3484	53	54	107
N3485	4	7	156
N3486	53	44	188
N3489	53	54	221
N3490	4	7	270
N3491	53	44	314
N3494	53	54	347
N3495	4	7	396
N3496	53	44	452
N3499	53	54	485
N3500	4	7	534
N3501	53	44	602
N3504	53	54	635
N3505	4	7	684
N3506	53	44	644
N3509	53	54	694
N3510	4	7	743
N3511	53	44	644
N3514	53	54	694
N3515	4	7	743
N3516	53	44	644
N3519	53	54	694
N3520	4	7	743
N3521	53	44	644
N3524	8	58	689
N3527	45	62	626
N3531	59	54	617
N3532	45	99	631
N3533	55	104	431
N3536	4	51	293
N3540	32	33	303
N3541	4	7	331
N3542	32	23	166
N3545	8	17	190
N3548	4	15	73
N3552	8	58	0
N3553	8	58	102
N3556	8	58	216
N3559	8	58	342
N3562	8	58	480
N3565	8	58	630
N3568	8	58	689
N3571	8	58	689
N3574	8	58	689
N3577	45	62	635
N3581	59	54	716
N3582	45	99	730
N3583	55	105	571
N3586	4	58	428
N3590	52	53	438
N3591	4	7	486
N3592	52	43	254
N3595	8	37	298
N3598	18	41	157
N3602	4	7	87
N3603	10	17	81
N3604	45	62	65
N3608	45	62	179
N3612	45	62	305
N3616	45	62	443
N3620	45	62	593
N3624	45	62	635
N3628	45	62	635
N3632	45	62	635
N3636	59	54	725
N3637	45	99	739
N3638	55	105	670
N3641	4	58	568
N3645	59	60	578
N3646	4	7	633
N3647	59	50	382
N3650	8	57	433
N3653	38	61	245
N3657	18	27	199
N3658	24	51	193
N3659	8	15	76
N3662	59	54	56
N3663	45	99	70
N3664	59	54	170
N3665	45	99	184
N3666	59	54	296
N3667	45	99	310
N3668	59	54	434
N3669	45	99	448
N3670	59	54	584
N3671	45	99	598
N3672	59	54	725
N3673	45	99	739
N3674	59	54	725
N3675	45	99	739
N3676	59	54	725
N3677	45	99	739
N3678	55	105	679
N3681	4	58	667
N3685	59	60	677
N3686	4	7	732
N3687	59	50	522
N3690	8	64	573
N3693	51	68	373
N3697	38	47	327
N3698	44	91	321
N3699	28	43	174
N3702	4	11	73
N3706	55	105	10
N3709	55	105	124
N3712	55	105	250
N3715	55	105	388
N3718	55	105	538
N3721	55	105	679
N3724	55	105	679
N3727	55	105	679
N3730	4	58	676
N3734	59	60	686
N3735	4	7	741
N3736	59	50	621
N3739	8	64	672
N3742	51	68	513
N3746	58	60	475
N3747	51	111	482
N3748	48	83	282
N3751	4	31	171
N3755	12	13	181
N3756	4	7	189
N3757	12	9	68
N3760	4	58	61
N3764	4	58	175
N3768	4	58	301
N3772	4	58	439
N3776	4	58	589
N3780	4	58	676
N3784	4	58	676
N3788	4	58	676
N3792	59	60	686
N3793	4	7	741
N3794	59	50	630
N3797	8	64	681
N3800	51	68	612
N3804	65	60	615
N3805	51	111	629
N3806	61	110	423
N3809	4	51	279
N3813	32	33	289
N3814	4	7	317
N3815	32	23	152
N3818	8	17	176
N3821	4	15	65
N3825	59	60	5
N3826	4	7	60
N3827	59	50	80
N3830	59	60	119
N3831	4	7	174
N3832	59	50	206
N3835	59	60	245
N3836	4	7	300
N3837	59	50	344
N3840	59	60	383
N3841	4	7	438
N3842	59	50	494
N3845	59	60	533
N3846	4	7	588
N3847	59	50	636
N3850	59	60	692
N3851	4	7	747
N3852	59	50	630
N3855	59	60	686
N3856	4	7	741
N3857	59	50	630
N3860	59	60	686
N3861	4	7	741
N3862	59	50	630
N3865	8	64	681
N3868	51	68	621
N3872	65	60	714
N3873	51	111	728
N3874	61	117	563
N3877	4	64	420
N3881	52	53	430
N3882	4	7	478
N3883	52	43	240
N3886	8	37	284
N3889	18	41	143
N3893	4	7	79
N3894	10	17	73
N3895	8	64	0
N3896	8	64	114
N3899	8	64	240
N3902	8	64	378
N3905	8	64	528
N3908	8	64	687
N3911	8	64	681
N3914	8	64	681
N3917	51	68	621
N3921	65	60	723
N3922	51	111	737
N3923	61	117	662
N3926	4	64	560
N3930	65	66	570
N3931	4	7	631
N3932	65	56	368
N3935	8	57	425
N3938	38	61	231
N3942	18	27	185
N3943	24	51	179
N3944	8	15	68
N3947	51	68	71
N3951	51	68	197
N3955	51	68	335
N3959	51	68	485
N3963	51	68	627
N3967	51	68	621
N3971	51	68	621
N3975	65	60	723
N3976	51	111	737
N3977	61	117	671
N3980	4	64	659
N3984	65	66	669
N3985	4	7	730
N3986	65	56	508
N3989	8	70	565
N3992	57	74	359
N3996	38	47	313
N3997	44	91	307
N3998	28	43	160
N4001	4	11	65
N4005	65	60	62
N4006	51	111	76
N4007	65	60	188
N4008	51	111	202
N4009	65	60	326
N4010	51	111	340
N4011	65	60	476
N4012	51	111	490
N4013	65	60	638
N4014	51	111	652
N4015	65	60	723
N4016	51	111	737
N4017	65	60	723
N4018	51	111	737
N4019	61	117	671
N4022	4	64	668
N4026	65	66	678
N4027	4	7	739
N4028	65	56	607
N4031	8	70	664
N4034	57	74	499
N4038	58	66	473
N4039	57	123	474
N4040	48	83	268
N4043	4	31	157
N4047	12	13	167
N4048	4	7	175
N4049	12	9	60
N4052	61	117	10
N4055	61	117	136
N4058	61	117	274
N4061	61	117	424
N4064	61	117	586
N4067	61	117	671
N4070	61	117	671
N4073	4	64	668
N4077	65	66	678
N4078	4	7	739
N4079	65	56	616
N4082	8	70	673
N4085	57	74	598
N4089	71	66	613
N4090	57	123	627
N4091	67	116	415
N4094	4	51	265
N4098	32	33	275
N4099	4	7	303
N4100	32	23	138
N4103	8	17	162
N4106	4	15	57
N4110	4	64	67
N4114	4	64	193
N4118	4	64	331
N4122	4	64	481
N4126	4	64	643
N4130	4	64	668
N4134	4	64	668
N4138	65	66	678
N4139	4	7	739
N4140	65	56	616
N4143	8	70	673
N4146	57	74	607
N4150	71	66	712
N4151	57	123	726
N4152	67	129	555
N4155	4	70	412
N4159	52	53	422
N4160	4	7	470
N4161	52	43	226
N4164	8	37	270
N4167	18	41	129
N4171	4	7	71
N4172	10	17	65
N4173	65	66	5
N4174	4	7	66
N4175	65	56	86
troj40_0n3	147	5	771
N4178	65	66	131
N4179	4	7	192
N4180	65	56	224
N4183	65	66	269
N4184	4	7	330
N4185	65	56	374
N4188	65	66	419
N4189	4	7	480
N4190	65	56	536
N4193	65	66	581
N4194	4	7	642
N4195	65	56	622
N4198	65	66	684
N4199	4	7	745
N4200	65	56	616
N4203	65	66	678
N4204	4	7	739
N4205	65	56	616
N4208	8	70	673
N4211	57	74	607
N4215	71	66	721
N4216	57	123	735
N4217	67	129	654
N4220	4	70	552
N4224	71	72	562
N4225	4	7	629
N4226	71	62	354
N4229	8	57	417
N4232	38	61	217
N4236	18	27	171
N4237	24	51	165
N4238	8	15	60
N4241	8	70	0
N4242	8	70	126
N4245	8	70	264
N4248	8	70	414
N4251	8	70	576
N4254	8	70	679
N4257	8	70	673
N4260	57	74	607
N4264	71	66	721
N4265	57	123	735
N4266	67	129	663
N4269	4	70	651
N4273	71	72	661
N4274	4	7	728
N4275	71	62	494
N4278	8	76	557
N4281	58	80	345
N4285	38	47	299
N4286	44	91	293
N4287	28	43	146
N4290	4	11	57
N4294	57	74	77
N4298	57	74	215
N4302	57	74	365
N4306	57	74	527
N4310	57	74	613
N4314	57	74	607
N4318	71	66	721
N4319	57	123	735
N4320	67	129	663
N4323	4	70	660
N4327	71	72	670
N4328	4	7	737
N4329	71	62	593
N4332	8	76	656
N4335	63	80	485
N4339	58	67	466
N4340	63	130	461
N4341	48	83	254
N4344	4	31	143
N4348	12	13	153
N4349	4	7	161
N4350	12	9	52
N4353	71	66	68
N4354	57	123	82
N4355	71	66	206
N4356	57	123	220
N4357	71	66	356
N4358	57	123	370
N4359	71	66	518
N4360	57	123	532
N4361	71	66	692
N4362	57	123	706
N4363	71	66	721
N4364	57	123	735
N4365	67	129	663
N4368	4	70	660
N4372	71	72	670
N4373	4	7	737
N4374	71	62	602
N4377	8	76	665
N4380	63	80	584
N4384	77	72	611
N4385	63	135	625
N4386	68	122	402
N4389	4	51	251
N4393	32	33	261
N4394	4	7	289
N4395	32	23	124
N4398	8	17	148
N4401	4	15	49
N4405	67	129	10
N4408	67	129	148
N4411	67	129	298
N4414	67	129	460
N4417	67	129	634
N4420	67	129	663
N4423	4	70	660
N4427	71	72	670
N4428	4	7	737
N4429	71	62	602
N4432	8	76	665
N4435	63	80	593
N4439	77	72	710
N4440	63	135	724
N4441	73	141	547
N4444	4	71	399
N4448	52	53	409
N4449	4	7	457
N4450	52	43	212
N4453	8	37	256
N4456	18	41	115
N4460	4	7	63
N4461	10	17	57
N4462	4	70	73
N4466	4	70	211
N4470	4	70	361
N4474	4	70	523
N4478	4	70	666
N4482	4	70	660
N4486	71	72	670
N4487	4	7	737
N4488	71	62	602
N4491	8	76	665
N4494	63	80	593
N4498	77	72	719
N4499	63	135	733
N4500	73	141	646
N4503	4	76	544
N4507	72	73	554
N4508	4	7	622
N4509	72	63	340
N4512	8	57	404
N4515	38	61	203
N4519	18	27	157
N4520	24	51	151
N4521	8	15	52
N4524	71	72	5
N4525	4	7	72
N4526	71	62	92
N4529	71	72	143
N4530	4	7	210
N4531	71	62	242
N4534	71	72	293
N4535	4	7	360
N4536	71	62	404
N4539	71	72	455
N4540	4	7	522
N4541	71	62	578
N4544	71	72	629
N4545	4	7	696
N4546	71	62	608
N4549	71	72	676
N4550	4	7	743
N4551	71	62	602
N4554	8	76	665
N4557	63	80	593
N4561	77	72	719
N4562	63	135	733
N4563	73	141	655
N4566	4	76	643
N4570	77	78	653
N4571	4	7	726
N4572	77	68	480
N4575	8	77	549
N4578	58	81	331
N4582	38	47	285
N4583	44	91	279
N4584	28	43	132
N4587	4	11	49
N4591	8	76	0
N4592	8	76	138
N4595	8	76	288
N4598	8	76	450
N4601	8	76	624
N4604	8	76	671
N4607	63	80	593
N4611	77	72	719
N4612	63	135	733
N4613	73	141	655
N4616	4	76	652
N4620	77	78	662
N4621	4	7	735
N4622	77	68	579
N4625	8	82	648
N4628	69	86	471
N4632	58	67	453
N4633	64	131	447
N4634	48	83	240
N4637	4	31	129
N4641	12	13	139
N4642	4	7	147
N4643	12	9	44
N4646	63	80	83
N4650	63	80	233
N4654	63	80	395
N4658	63	80	569
N4662	63	80	599
N4666	77	72	719
N4667	63	135	733
N4668	73	141	655
N4671	4	76	652
N4675	77	78	662
N4676	4	7	735
N4677	77	68	588
N4680	8	82	657
N4683	69	86	570
N4687	78	78	609
N4688	69	147	618
N4689	68	123	388
N4692	4	51	237
N4696	32	33	247
N4697	4	7	275
N4698	32	23	110
N4701	8	17	134
N4704	4	15	41
N4708	77	72	74
N4709	63	135	88
N4710	77	72	224
N4711	63	135	238
N4712	77	72	386
N4713	63	135	400
N4714	77	72	560
N4715	63	135	574
N4716	77	72	725
N4717	63	135	739
N4718	73	141	655
N4721	4	76	652
N4725	77	78	662
N4726	4	7	735
N4727	77	68	588
N4730	8	82	657
N4733	69	86	579
N4737	83	78	708
N4738	69	147	722
N4739	79	148	539
N4742	4	71	385
N4746	52	53	395
N4747	4	7	443
N4748	52	43	198
N4751	8	37	242
N4754	18	41	101
N4758	4	7	55
N4759	10	17	49
N4760	73	141	10
N4763	73	141	160
N4766	73	141	322
N4769	73	141	496
N4772	73	141	661
N4775	4	76	652
N4779	77	78	662
N4780	4	7	735
N4781	77	68	588
N4784	8	82	657
N4787	69	86	579
N4791	83	78	717
N4792	69	147	731
N4793	79	153	638
N4796	4	82	536
N4800	72	73	546
N4801	4	7	614
N4802	72	63	326
N4805	8	57	390
N4808	38	61	189
N4812	18	27	143
N4813	24	51	137
N4814	8	15	44
N4817	4	76	79
N4821	4	76	229
N4825	4	76	391
N4829	4	76	565
N4833	4	76	658
N4837	77	78	668
N4838	4	7	741
N4839	77	68	588
N4842	8	82	657
N4845	69	86	579
N4849	83	78	717
N4850	69	147	731
N4851	79	153	647
N4854	4	82	635
N4858	83	84	645
N4859	4	7	724
N4860	83	74	466
N4863	8	77	541
N4866	58	81	317
N4870	38	47	271
N4871	44	91	265
N4872	28	43	118
N4875	4	11	41
N4879	77	78	5
N4880	4	7	78
N4881	77	68	98
N4884	77	78	155
N4885	4	7	228
N4886	77	68	260
N4889	77	78	317
N4890	4	7	390
N4891	77	68	434
N4894	77	78	491
N4895	4	7	564
N4896	77	68	588
N4899	77	78	662
N4900	4	7	735
N4901	77	68	594
N4904	8	82	663
N4907	69	86	579
N4911	83	78	717
N4912	69	147	731
N4913	79	153	647
N4916	4	82	644
N4920	83	84	654
N4921	4	7	733
N4922	83	74	565
N4925	8	88	640
N4928	75	92	457
N4932	58	67	439
N4933	64	131	433
N4934	48	83	226
N4937	4	31	115
N4941	12	13	125
N4942	4	7	133
N4943	12	9	36
N4946	8	82	0
N4947	8	82	150
N4950	8	82	312
N4953	8	82	486
N4956	8	82	657
N4959	69	86	585
N4963	83	78	717
N4964	69	147	731
N4965	79	153	647
N4968	4	82	644
N4972	83	84	654
N4973	4	7	733
N4974	83	74	574
N4977	8	88	649
N4980	75	92	556
N4984	78	84	607
N4985	75	159	610
N4986	68	123	374
N4989	4	51	223
N4993	32	33	233
N4994	4	7	261
N4995	32	23	96
N4998	8	17	120
N5001	4	15	33
N5005	69	86	89
N5009	69	86	251
N5013	69	86	425
N5017	69	86	579
N5021	83	78	723
N5022	69	147	737
N5023	79	153	647
N5026	4	82	644
N5030	83	84	654
N5031	4	7	733
N5032	83	74	574
N5035	8	88	649
N5038	75	92	565
N5042	89	84	706
N5043	75	159	720
N5044	85	154	531
N5047	4	71	371
N5051	52	53	381
N5052	4	7	429
N5053	52	43	184
N5056	8	37	228
N5059	18	41	87
N5063	4	7	47
N5064	10	17	41
N5065	83	78	80
N5066	69	147	94
N5067	83	78	242
N5068	69	147	256
N5069	83	78	416
N5070	69	147	430
N5071	83	78	602
N5072	69	147	616
N5073	79	153	653
N5076	4	82	644
N5080	83	84	654
N5081	4	7	733
N5082	83	74	574
N5085	8	88	649
N5088	75	92	565
N5092	89	84	715
N5093	75	159	729
N5094	85	165	630
N5097	4	88	528
N5101	72	73	538
N5102	4	7	606
N5103	72	63	312
N5106	8	57	376
N5109	38	61	175
N5113	18	27	129
N5114	24	51	123
N5115	8	15	36
N5118	79	153	10
N5121	79	153	172
N5124	79	153	346
N5127	79	153	532
N5130	4	82	650
N5134	83	84	660
N5135	4	7	739
N5136	83	74	574
N5139	8	88	649
N5142	75	92	565
N5146	89	84	715
N5147	75	159	729
N5148	85	165	639
N5151	4	88	627
N5155	89	90	637
N5156	4	7	722
N5157	89	80	452
N5160	8	77	533
N5163	58	81	303
N5167	38	47	257
N5168	44	91	251
N5169	28	43	104
N5172	4	11	33
N5176	4	82	85
N5180	4	82	247
N5184	4	82	421
N5188	4	82	607
N5192	83	84	654
N5193	4	7	733
N5194	83	74	580
N5197	8	88	655
N5200	75	92	565
N5204	89	84	715
N5205	75	159	729
N5206	85	165	639
N5209	4	88	636
N5213	89	90	646
N5214	4	7	731
N5215	89	80	551
N5218	8	94	632
N5221	78	98	443
N5225	58	67	425
N5226	64	131	419
N5227	48	83	212
N5230	4	31	101
N5234	12	13	111
N5235	4	7	119
N5236	12	9	28
N5239	83	84	5
N5240	4	7	84
N5241	83	74	104
N5244	83	84	167
N5245	4	7	246
N5246	83	74	278
N5249	83	84	341
N5250	4	7	420
N5251	83	74	464
N5254	83	84	527
N5255	4	7	606
N5256	83	74	574
N5259	8	88	649
N5262	75	92	571
N5266	89	84	715
N5267	75	159	729
N5268	85	165	639
N5271	4	88	636
N5275	89	90	646
N5276	4	7	731
N5277	89	80	560
N5280	8	94	641
N5283	81	98	542
N5287	78	87	602
N5288	81	168	599
N5289	68	123	360
N5292	4	51	209
N5296	32	33	219
N5297	4	7	247
N5298	32	23	82
N5301	8	17	106
N5304	4	15	25
N5308	8	88	0
N5309	8	88	162
N5312	8	88	336
N5315	8	88	522
N5318	75	92	565
N5322	89	84	721
N5323	75	159	735
N5324	85	165	639
N5327	4	88	636
N5331	89	90	646
N5332	4	7	731
N5333	89	80	560
N5336	8	94	641
N5339	81	98	551
N5343	95	90	704
N5344	81	171	718
N5345	88	160	520
N5348	4	71	357
N5352	52	53	367
N5353	4	7	415
N5354	52	43	170
N5357	8	37	214
N5360	18	41	73
N5364	4	7	39
N5365	10	17	33
N5366	75	92	95
N5370	75	92	269
N5374	75	92	455
N5378	89	84	715
N5379	75	159	729
N5380	85	165	645
N5383	4	88	636
N5387	89	90	646
N5388	4	7	731
N5389	89	80	560
N5392	8	94	641
N5395	81	98	551
N5399	95	90	713
N5400	81	171	727
N5401	91	177	622
N5404	4	91	517
N5408	72	73	527
N5409	4	7	595
N5410	72	63	298
N5413	8	57	362
N5416	38	61	161
N5420	18	27	115
N5421	24	51	109
N5422	8	15	28
N5425	89	84	86
N5426	75	159	100
N5427	89	84	260
N5428	75	159	274
N5429	89	84	446
N5430	75	159	460
N5431	85	165	639
N5434	4	88	642
N5438	89	90	652
N5439	4	7	737
N5440	89	80	560
N5443	8	94	641
N5446	81	98	551
N5450	95	90	713
N5451	81	171	727
N5452	91	177	631
N5455	4	94	619
N5459	92	93	629
N5460	4	7	717
N5461	92	83	438
N5464	8	77	522
N5467	58	81	289
N5471	38	47	243
N5472	44	91	237
N5473	28	43	90
N5476	4	11	25
N5480	85	165	10
N5483	85	165	184
N5486	85	165	370
N5489	4	88	636
N5493	89	90	646
N5494	4	7	731
N5495	89	80	566
N5498	8	94	647
N5501	81	98	551
N5505	95	90	713
N5506	81	171	727
N5507	91	177	631
N5510	4	94	628
N5514	95	96	638
N5515	4	7	729
N5516	95	86	537
N5519	8	97	624
N5522	78	101	429
N5526	58	67	411
N5527	64	131	405
N5528	48	83	198
N5531	4	31	87
N5535	12	13	97
N5536	4	7	105
N5537	12	9	20
N5540	4	88	91
N5544	4	88	265
N5548	4	88	451
N5552	89	90	646
N5553	4	7	731
N5554	89	80	560
N5557	8	94	641
N5560	81	98	557
N5564	95	90	713
N5565	81	171	727
N5566	91	177	631
N5569	4	94	628
N5573	95	96	638
N5574	4	7	729
N5575	95	86	546
N5578	8	100	633
N5581	87	104	528
N5585	78	87	591
N5586	84	171	585
N5587	68	123	346
N5590	4	51	195
N5594	32	33	205
N5595	4	7	233
N5596	32	23	68
N5599	8	17	92
N5602	4	15	17
N5606	89	90	5
N5607	4	7	90
N5608	89	80	110
N5611	89	90	179
N5612	4	7	264
N5613	89	80	296
N5616	89	90	365
N5617	4	7	450
N5618	89	80	560
N5621	8	94	641
N5624	81	98	551
N5628	95	90	719
N5629	81	171	733
N5630	91	177	631
N5633	4	94	628
N5637	95	96	638
N5638	4	7	729
N5639	95	86	546
N5642	8	100	633
N5645	87	104	537
N5649	98	96	702
N5650	87	183	713
N5651	88	163	506
N5654	4	71	343
N5658	52	53	353
N5659	4	7	401
N5660	52	43	156
N5663	8	37	200
N5666	18	41	59
N5670	4	7	59
N5671	10	17	53
N5672	8	94	0
N5673	8	94	174
N5676	8	94	360
N5679	81	98	551
N5683	95	90	713
N5684	81	171	727
N5685	91	177	637
N5688	4	94	628
N5692	95	96	638
N5693	4	7	729
N5694	95	86	546
N5697	8	100	633
N5700	87	104	537
N5704	101	96	706
N5705	87	183	720
N5706	97	186	614
N5709	4	91	503
N5713	72	73	513
N5714	4	7	581
N5715	72	63	284
N5718	8	57	348
N5721	38	61	147
N5725	18	27	121
N5726	24	51	115
N5727	8	15	48
N5730	81	98	101
N5734	81	98	287
N5738	95	90	671
N5739	81	171	685
N5740	91	177	631
N5743	4	94	634
N5747	95	96	644
N5748	4	7	735
N5749	95	86	546
N5752	8	100	633
N5755	87	104	537
N5759	101	96	706
N5760	87	183	720
N5761	97	189	618
N5764	4	100	611
N5768	92	93	604
N5769	4	7	692
N5770	92	83	424
N5773	8	77	508
N5776	58	81	275
N5780	38	47	229
N5781	44	91	223
N5782	28	43	96
N5785	95	90	92
N5786	81	171	106
N5787	95	90	278
N5788	81	171	292
N5789	91	177	589
N5792	4	94	628
N5796	95	96	638
N5797	4	7	729
N5798	95	86	552
N5801	8	100	639
N5804	87	104	537
N5808	101	96	706
N5809	87	183	720
N5810	97	189	618
N5813	4	100	620
N5817	101	102	613
N5818	4	7	710
N5819	101	92	523
N5822	8	97	599
N5825	78	101	415
N5829	58	67	363
N5830	64	131	357
N5831	48	83	184
troj40_0n4	186	11	732
N5834	91	177	10
N5837	91	177	196
N5840	4	94	628
N5844	95	96	638
N5845	4	7	729
N5846	95	86	546
N5849	8	100	633
N5852	87	104	543
N5856	101	96	711
N5857	87	183	725
N5858	97	189	618
N5861	4	100	620
N5865	101	102	613
N5866	4	7	710
N5867	101	92	532
N5870	8	106	608
N5873	93	110	514
N5877	78	87	452
N5878	84	171	446
N5879	68	123	298
N5882	4	94	97
N5886	4	94	283
N5890	95	96	584
N5891	4	7	675
N5892	95	86	546
N5895	8	100	633
N5898	87	104	537
N5902	101	96	706
N5903	87	183	720
N5904	97	189	623
N5907	4	100	620
N5911	101	102	613
N5912	4	7	710
N5913	101	92	532
N5916	8	106	608
N5919	93	110	523
N5923	98	102	505
N5924	93	195	510
N5925	88	163	367
N5928	95	96	5
N5929	4	7	96
N5930	95	86	116
N5933	95	96	191
N5934	4	7	282
N5935	95	86	509
N5938	8	100	579
N5941	87	104	537
N5945	101	96	706
N5946	87	183	720
N5947	97	189	618
N5950	4	100	620
N5954	101	102	613
N5955	4	7	710
N5956	101	92	532
N5959	8	106	608
N5962	93	110	523
N5966	107	102	514
N5967	93	195	528
N5968	103	192	411
N5971	8	100	0
N5972	8	100	186
N5975	87	104	500
N5979	101	96	686
N5980	87	183	700
N5981	97	189	618
N5984	4	100	626
N5988	101	102	619
N5989	4	7	716
N5990	101	92	532
N5993	8	106	608
N5996	93	110	523
N6000	107	102	514
N6001	93	195	528
N6002	103	201	420
N6005	87	104	107
N6009	101	96	491
N6010	87	183	505
N6011	97	189	598
N6014	4	100	620
N6018	101	102	613
N6019	4	7	710
N6020	101	92	538
N6023	8	106	614
N6026	93	110	523
N6030	107	102	514
N6031	93	195	528
N6032	103	201	420
N6035	101	96	98
N6036	87	183	112
N6037	97	189	403
N6040	4	100	620
N6044	101	102	613
N6045	4	7	710
N6046	101	92	532
N6049	8	106	608
N6052	93	110	529
troj40_0n1	19	4	899
N6056	107	102	514
N6057	93	195	528
N6058	103	201	420
N6061	97	189	10
N6064	4	100	496
N6068	101	102	593
N6069	4	7	690
N6070	101	92	532
N6073	8	106	608
N6076	93	110	523
N6080	107	102	520
N6081	93	195	534
Trigger_en40_0	5	400	518
N6082	103	201	420
N6085	4	100	103
N6089	101	102	398
N6090	4	7	495
N6091	101	92	512
N6094	8	106	588
N6097	93	110	523
N6101	107	102	514
N6102	93	195	528
N6103	103	201	426
N6106	101	102	5
N6107	4	7	102
N6108	101	92	317
N6111	8	106	393
N6114	93	110	503
N6118	107	102	514
N6119	93	195	528
N6120	103	201	420
N6123	8	106	0
N6124	93	110	308
N6128	107	102	494
N6129	93	195	508
N6130	103	201	420
N6133	107	102	299
N6134	93	195	313
N6135	103	201	400
N6138	103	201	205
N6141	104	202	204
N6145	202	208	106
N6146	105	203	203
N6147	111	198	403
N6150	204	308	0
N6151	199	215	304
N6155	202	303	200
N6156	199	311	203
N6157	111	293	406
N6160	304	402	0
N6161	202	215	315
N6165	202	306	217
N6166	216	314	203
N6167	111	296	406
N6170	307	419	0
N6171	202	215	315
N6175	202	306	217
N6176	216	314	203
tempN6177	111	296	412
N6180	307	419	0
N6177	117	302	406
N6181	202	221	321
N6185	202	306	223
N6186	222	320	203
N6187	111	296	406
N6190	307	425	0
N6191	202	215	315
N6195	202	306	217
N6196	216	314	203
N6197	111	296	406
N6200	307	419	0
N6201	202	215	315
N6205	202	306	217
N6206	216	314	203
N6207	111	296	406
N6210	307	419	0
N6211	202	215	315
N6215	202	306	217
N6216	216	314	203
N6217	111	296	406
N6220	307	419	0
N6221	202	215	315
N6225	202	306	217
N6226	216	314	203
N6227	111	296	388
N6230	307	419	0
N6231	193	215	306
N6235	193	297	217
N6236	216	305	194
N6237	111	287	330
N6240	298	410	0
N6241	164	200	277
N6245	164	253	202
N6246	201	276	165
N6247	102	243	250
N6250	254	366	0
N6251	124	171	209
N6255	124	193	173
N6256	172	227	125
N6257	82	183	150
N6260	194	297	0
N6261	84	131	101
N6265	84	133	133
N6266	132	167	85
N6267	62	123	62
N6270	134	217	0
N6271	44	91	33
N6275	44	73	93
N6276	92	107	45
N6277	42	63	14
N6280	74	137	0
N6281	16	51	5
N6285	16	25	53
N6286	52	59	17
N6287	16	21	0
N6288	26	69	0
